1661129264709 0.5100856423377991 0
1661129271044 0.5575641989707947 1
1661129275841 0.5636536478996277 2
1661129279779 0.6172217130661011 3
1661129282779 0.6487154960632324 4
1661129286108 0.6601331830024719 5
1661129289299 0.6707897186279297 6
1661129292189 0.678591787815094 7
1661129295518 0.6811608076095581 8
1661129298464 0.6854424476623535 9
1661129301526 0.6914367079734802 10
1661129304402 0.692863941192627 11
1661129307589 0.6946717500686646 12
1661129310371 0.6987630724906921 13
1661129313570 0.702093243598938 14
1661129317549 0.7002854347229004 15
1661129320565 0.7046622037887573 16
1661129323362 0.7094196081161499 17
1661129326003 0.702949583530426 18
1661129329722 0.7105613946914673 19
1661129332764 0.7087535858154297 20
1661129335670 0.7100856304168701 21
1661129338405 0.7117031216621399 22
1661129341452 0.7120837569236755 23
1661129344609 0.7138915061950684 24
1661129348281 0.7156041860580444 25
1661129358315 0.7201712727546692 26
1661129363862 0.7188392281532288 27
1661129367433 0.7254043817520142 28
1661129369980 0.7196003794670105 29
1661129372981 0.7242625951766968 30
1661129376296 0.7291151285171509 31
1661129380149 0.7289248108863831 32
1661129382759 0.727878212928772 33
1661129385462 0.7316840887069702 34
1661129388165 0.7345385551452637 35
1661129392166 0.7350142598152161 36
1661129396267 0.7356802821159363 37
1661129399901 0.7421503067016602 38
1661129402594 0.745290219783783 39
1661129405031 0.7432920932769775 40
1661129407933 0.7401522397994995 41
1661129411052 0.7498573064804077 42
1661129414329 0.7513796091079712 43
1661129417085 0.7511893510818481 44
1661129420305 0.7538534998893738 45
1661129423699 0.7558515667915344 46
1661129426755 0.7647954225540161 47
1661129429661 0.7624167203903198 48
1661129433015 0.76079922914505 49
