1661129264709 0.6939979791641235 0
1661129271044 0.6809985637664795 1
1661129275841 0.6674734950065613 2
1661129279779 0.6450662612915039 3
1661129282779 0.614375650882721 4
1661129286108 0.5891432166099548 5
1661129289299 0.574709951877594 6
1661129292189 0.5686817765235901 7
1661129295518 0.5643807649612427 8
1661129298464 0.560266375541687 9
1661129301526 0.5564793348312378 10
1661129304402 0.5551859736442566 11
1661129307589 0.5536131858825684 12
1661129310371 0.5513771772384644 13
1661129313570 0.5470338463783264 14
1661129317549 0.5472859144210815 15
1661129320565 0.5441123843193054 16
1661129323362 0.5415056943893433 17
1661129326003 0.5396659970283508 18
1661129329722 0.5355589389801025 19
1661129332764 0.535889744758606 20
1661129335670 0.5354771614074707 21
1661129338405 0.5310767292976379 22
1661129341452 0.5304004549980164 23
1661129344609 0.5261121392250061 24
1661129348281 0.5202746987342834 25
1661129358315 0.5235780477523804 26
1661129363862 0.5190820693969727 27
1661129367433 0.5143080353736877 28
1661129369980 0.5169596076011658 29
1661129372981 0.5088428258895874 30
1661129376296 0.5094044804573059 31
1661129380149 0.5041948556900024 32
1661129382759 0.5065203309059143 33
1661129385462 0.5011246204376221 34
1661129388165 0.5020855069160461 35
1661129392166 0.49674612283706665 36
1661129396267 0.49599194526672363 37
1661129399901 0.4904111623764038 38
1661129402594 0.4868800640106201 39
1661129405031 0.48679837584495544 40
1661129407933 0.48439645767211914 41
1661129411052 0.4797155261039734 42
1661129414329 0.47931089997291565 43
1661129417085 0.4775547981262207 44
1661129420305 0.4753572344779968 45
1661129423699 0.477365642786026 46
1661129426755 0.46720269322395325 47
1661129429661 0.46879157423973083 48
1661129433015 0.46743136644363403 49
