1661126914587 0.5698382258415222 0
1661126917825 0.654900074005127 1
1661126921495 0.6940057277679443 2
1661126925021 0.7006660103797913 3
1661126928787 0.7036156058311462 4
1661126931872 0.7046622037887573 5
1661126934932 0.7108468413352966 6
1661126938029 0.7117031216621399 7
1661126941018 0.7128449082374573 8
1661126944068 0.7176023125648499 9
1661126947104 0.7197906970977783 10
1661126950342 0.7176023125648499 11
1661126953693 0.7182683348655701 12
1661126956767 0.7204567193984985 13
1661126959929 0.7275927662849426 14
1661126962968 0.737107515335083 15
1661126965901 0.7451950311660767 16
1661126968874 0.7575642466545105 17
1661126972086 0.7650808691978455 18
1661126975247 0.770409107208252 19
1661126978387 0.7812559604644775 20
1661126981590 0.786584198474884 21
1661126984568 0.7942911386489868 22
1661126988064 0.8019029498100281 23
1661126991086 0.8106564879417419 24
1661126994278 0.8164604902267456 25
1661126997472 0.8210275769233704 26
1661127000807 0.8269267082214355 27
1661127004270 0.8283539414405823 28
1661127007662 0.832921028137207 29
1661127011597 0.8413891792297363 30
1661127014600 0.8440532684326172 31
1661127017178 0.8475737571716309 32
1661127019757 0.8509039282798767 33
1661127022897 0.8583254218101501 34
1661127026490 0.8622264266014099 35
1661127029584 0.8688867688179016 36
1661127032863 0.8705994486808777 37
1661127035488 0.8797335624694824 38
1661127038895 0.8798287510871887 39
1661127042708 0.8829686045646667 40
1661127045973 0.8864890336990356 41
1661127049536 0.8892483115196228 42
1661127054101 0.8922930359840393 43
1661127059451 0.9005708694458008 44
1661127064118 0.892863929271698 45
1661127068976 0.8980019092559814 46
1661127072141 0.9035204648971558 47
1661127075047 0.9061846137046814 48
1661127077641 0.8971455693244934 49
