1661126914587 0.6691228151321411 0
1661126917825 0.629109799861908 1
1661126921495 0.5886296629905701 2
1661126925021 0.5614308714866638 3
1661126928787 0.5462818741798401 4
1661126931872 0.5365676879882812 5
1661126934932 0.5288434624671936 6
1661126938029 0.5220639705657959 7
1661126941018 0.5155612826347351 8
1661126944068 0.5094398856163025 9
1661126947104 0.5032883286476135 10
1661126950342 0.4976777136325836 11
1661126953693 0.4908899962902069 12
1661126956767 0.4846946895122528 13
1661126959929 0.47799161076545715 14
1661126962968 0.4715745151042938 15
1661126965901 0.465180903673172 16
1661126968874 0.45832759141921997 17
1661126972086 0.4517056941986084 18
1661126975247 0.44528433680534363 19
1661126978387 0.43902587890625 20
1661126981590 0.43250539898872375 21
1661126984568 0.42616239190101624 22
1661126988064 0.41889795660972595 23
1661126991086 0.41110196709632874 24
1661126994278 0.40426188707351685 25
1661126997472 0.3968152105808258 26
1661127000807 0.3894001245498657 27
1661127004270 0.38303300738334656 28
1661127007662 0.3741585612297058 29
1661127011597 0.36452895402908325 30
1661127014600 0.35624048113822937 31
1661127017178 0.34834539890289307 32
1661127019757 0.34099119901657104 33
1661127022897 0.32989171147346497 34
1661127026490 0.3204825520515442 35
1661127029584 0.30994585156440735 36
1661127032863 0.30565041303634644 37
1661127035488 0.29288679361343384 38
1661127038895 0.28689903020858765 39
1661127042708 0.278583288192749 40
1661127045973 0.27340468764305115 41
1661127049536 0.26512411236763 42
1661127054101 0.2578011453151703 43
1661127059451 0.24659034609794617 44
1661127064118 0.2541987895965576 45
1661127068976 0.24122561514377594 46
1661127072141 0.23383593559265137 47
1661127075047 0.2278406023979187 48
1661127077641 0.2406265139579773 49
