1661127755898 0.9170314073562622 0
1661127758930 0.916365385055542 1
1661127761731 0.9264510273933411 2
1661127764881 0.9213130474090576 3
1661127767170 0.9252140522003174 4
1661127769996 0.9248334765434265 5
1661127773069 0.9333016276359558 6
1661127776147 0.928734540939331 7
1661127780162 0.9283539652824402 8
1661127783527 0.9337773323059082 9
1661127786959 0.9325404167175293 10
1661127790030 0.9318743944168091 11
1661127792959 0.9352045655250549 12
1661127795983 0.9322549700737 13
1661127799717 0.9288296699523926 14
1661127803771 0.9340627789497375 15
1661127806768 0.9313035011291504 16
1661127810297 0.9352045655250549 17
1661127813082 0.9389153122901917 18
1661127815454 0.9343482255935669 19
1661127817865 0.937107503414154 20
1661127820246 0.9291151165962219 21
1661127823287 0.9430066347122192 22
1661127825890 0.9387249946594238 23
1661127829588 0.9366317987442017 24
1661127859203 0.9252140522003174 25
