1661127755898 0.20405051112174988 0
1661127758930 0.19450683891773224 1
1661127761731 0.18188247084617615 2
1661127764881 0.19573776423931122 3
1661127767170 0.1820482611656189 4
1661127769996 0.18491849303245544 5
1661127773069 0.16889698803424835 6
1661127776147 0.17557737231254578 7
1661127780162 0.17580771446228027 8
1661127783527 0.16604271531105042 9
1661127786959 0.1683095097541809 10
1661127790030 0.17076480388641357 11
1661127792959 0.1636272817850113 12
1661127795983 0.1687268763780594 13
1661127799717 0.17491920292377472 14
1661127803771 0.1662488430738449 15
1661127806768 0.1717982441186905 16
1661127810297 0.1601739227771759 17
1661127813082 0.1562611311674118 18
1661127815454 0.16645613312721252 19
1661127817865 0.16189759969711304 20
1661127820246 0.17594625055789948 21
1661127823287 0.14964839816093445 22
1661127825890 0.15190927684307098 23
1661127829588 0.1618652492761612 24
1661127859203 0.1820482611656189 25
