1661127408713 0.9061846137046814 0
1661127411751 0.9137012362480164 1
1661127415126 0.9057088494300842 2
1661127418182 0.9132254719734192 3
1661127421102 0.9126546382904053 4
1661127424099 0.9184586405754089 5
1661127427406 0.916555643081665 6
1661127430704 0.9208372831344604 7
1661127433933 0.9223596453666687 8
1661127437171 0.9254994988441467 9
1661127440499 0.9211227297782898 10
1661127443912 0.9203615784645081 11
1661127446960 0.9279733300209045 12
1661127450001 0.9189343452453613 13
1661127452960 0.9233111143112183 14
1661127455850 0.927021861076355 15
1661127459952 0.9231208562850952 16
1661127464999 0.9239771366119385 17
1661127468780 0.931018054485321 18
1661127471987 0.9305423498153687 19
1661127475373 0.927021861076355 20
1661127478398 0.931684136390686 21
1661127481309 0.9359657764434814 22
1661127483621 0.9356803297996521 23
1661127485949 0.9336822032928467 24
1661127488778 0.9351094365119934 25
1661127491715 0.9380589723587036 26
1661127494231 0.9260703921318054 27
1661127496981 0.9412940144538879 28
1661127499716 0.9387249946594238 29
1661127503935 0.9428163766860962 30
1661127606476 0.9211227297782898 31
