1661127408713 0.2242279201745987 0
1661127411751 0.2129179835319519 1
1661127415126 0.2194068729877472 2
1661127418182 0.21202020347118378 3
1661127421102 0.2091454714536667 4
1661127424099 0.19770598411560059 5
1661127427406 0.20355039834976196 6
1661127430704 0.1970430165529251 7
1661127433933 0.19059042632579803 8
1661127437171 0.18487535417079926 9
1661127440499 0.19237671792507172 10
1661127443912 0.19719421863555908 11
1661127446960 0.1822161227464676 12
1661127450001 0.19870519638061523 13
1661127452960 0.18611404299736023 14
1661127455850 0.1784941554069519 15
1661127459952 0.18314340710639954 16
1661127464999 0.19012786448001862 17
1661127468780 0.17127129435539246 18
1661127471987 0.17143763601779938 19
1661127475373 0.17735227942466736 20
1661127478398 0.17056690156459808 21
1661127481309 0.16558410227298737 22
1661127483621 0.16121293604373932 23
1661127485949 0.16375897824764252 24
1661127488778 0.16522055864334106 25
1661127491715 0.1573592722415924 26
1661127494231 0.17761459946632385 27
1661127496981 0.150889590382576 28
1661127499716 0.14791728556156158 29
1661127503935 0.14710991084575653 30
1661127606476 0.19237671792507172 31
